function 4 1.0 0.0 0.0 1.0 -1.6875 0.6625 1.0 0.0 0.0 1.0 0.6625 -1.65 1.0 0.0 0.0 1.0 0.15 1.3875 1.0 0.0 0.0 1.0 -1.475 -1.65 0 0 0 0 
function_2 4 0.658927822726 -0.752206171497 0.752206171497 0.658927822726 0.431933002889 -1.24086082561 0.565834421417 -0.824518894592 0.824518894592 0.565834421417 0.204823341995 2.22934223659 0.823212785915 -0.567732955804 0.567732955804 0.823212785915 -1.69547287086 -0.715239915056 0.635421052987 0.772165840621 -0.772165840621 0.635421052987 -0.981627606183 0.146206553196 2 3 1 0 
function_3 4 1.0 0.0 0.0 1.0 -3.7125 2.325 0.696632828179 0.717427837976 -0.717427837976 0.696632828179 2.1103975049 -2.68203033308 1.0 0.0 0.0 1.0 0.3375 1.95 1.0 0.0 0.0 1.0 -1.65 -1.3875 0 0 0 0 
koch_curve 4 0.333333333333 -0.0 -0.0 0.333333333333 0.0 -0.0 0.333333333333 -0.0 -0.0 0.333333333333 0.666666666667 -0.0 -0.166666666667 0.288675134595 0.288675134595 0.166666666667 0.666666666667 -0.0 -0.166666666667 -0.288675134595 -0.288675134595 0.166666666667 0.5 0.288675134595 1 1 1 1 
fern 4 0.85 0.04 -0.04 0.85 0.0 1.6 0.2 -0.26 0.23 0.22 0.0 1.6 -0.15 0.28 0.26 0.24 0.0 0.44 0.0 -0.0 -0.0 0.16 0.0 -0.0 85 7 7 1 
triangle 4 0.5 -0.0 -0.0 0.5 0.0 -0.0 0.5 -0.0 -0.0 0.5 0.5 -0.0 0.5 -0.0 -0.0 0.5 0.25 0.433012701892 0.0 -0.0 -0.0 0.0 0.0 -0.0 1 1 1 0 
carpet 8 0.333333333333 -0.0 -0.0 0.333333333333 1.0 -0.0 0.333333333333 -0.0 -0.0 0.333333333333 1.0 1.0 0.333333333333 -0.0 -0.0 0.333333333333 0.0 1.0 0.333333333333 -0.0 -0.0 0.333333333333 -1.0 1.0 0.333333333333 -0.0 -0.0 0.333333333333 -1.0 -0.0 0.333333333333 -0.0 -0.0 0.333333333333 -1.0 -1.0 0.333333333333 -0.0 -0.0 0.333333333333 0.0 -1.0 0.333333333333 -0.0 -0.0 0.333333333333 1.0 -1.0 1 1 1 1 1 1 1 1 
tree 8 0.0 -0.0 -0.0 0.333333333333 -0.5 -1.0 0.5 -0.5 0.5 0.5 -1.0 0.5 0.0 -0.0 -0.0 0.0 0.0 -0.0 0.5 0.5 -0.5 0.5 0.5 -0.0 0.0 -0.0 -0.0 0.0 0.0 -0.0 0.0 -0.0 -0.0 0.0 0.0 -0.0 0.0 -0.0 -0.0 0.0 0.0 -0.0 0.0 -0.0 -0.0 0.0 0.0 -0.0 1 2 0 2 0 0 0 0 
cross_of_mami 4 0.1625 -0.0 -0.0 -0.9 0.0 1.0 -0.75 -0.0 -0.0 0.3 -1.0 -0.0 0.175 -0.0 -0.0 0.9 0.0 -1.1 0.75 -0.0 -0.0 0.3 1.0 -0.0 1 1 1 1 
galaxy_1 4 0.0 -0.0 -0.0 0.0 0.0 -0.0 0.2875 -0.0 -0.0 0.5875 1.575 1.6 0.603030475288 0.559153053497 -0.586436223004 0.632454588368 0.388097952307 -0.154890041221 0.0 -0.0 -0.0 0.0 0.0 -0.0 0 1 3 0 
koch_curve_2 2 -0.5 -0.363271264 0.363271264 -0.5 1.0 0.363271264 -0.5 0.363271264 -0.363271264 -0.5 -0.457743135378 0.5 1 1 
fern_2 6 0.475 0.025 0.425 0.45 2.5 -1.8375 0.694440557328 0.0794469455942 -0.0687307419098 0.60077092153 -2.29588852982 0.882419895473 0.318463575367 -0.228431158286 0.0482367040255 -0.0395300249405 0.754581952757 -1.17964706156 0.103378633477 -0.287582831625 -0.125164249053 0.322087127102 2.87624806694 1.60180134955 0.358752633028 0.000853092613092 0.00314772378385 0.314175981886 3.08761979275 -0.152712332427 0.0994599395268 -0.363207925971 -0.503143796992 -0.31603110654 4.08212437082 3.2826031072 14 60 2 2 14 14 
scorpion_spider_web 5 1.0 -0.0 -0.0 1.0 1.3625 2.4875 -0.4 -0.0 -0.0 0.4625 -2.375 -0.55 0.444569850712 -0.318871553455 0.705646324341 0.708564227819 1.76789472392 1.27354104826 -0.219429250864 -0.379362779668 0.524880933915 0.126077780913 -0.743503141362 0.806477419502 0.0 -0.0 -0.0 0.0 0.0 -0.0 0 1.5 5 2 0 
maple_leaf_1 4 0.25 -0.31 0.31 0.25 -0.889611558401 0.184440154764 -0.574900236028 -0.0 -0.0 0.561590398422 -0.230425264561 1.0 -0.25 0.31 0.31 0.25 0.551328022978 0.170047415585 0.0 -0.0 -0.0 0.0 0.0 -0.0 1 1 1 0 
maple_tree 4 0.25 -0.31 0.31 0.25 -0.85 0.17 -0.574900236028 -0.0 -0.0 0.561590398422 -0.25 1.0 -0.25 0.31 0.31 0.25 0.55 0.170047415585 0.0 -0.0 -0.0 0.55 -0.16 -0.9875 3 4 3 3 
galaxy_2 4 -0.737578206718 -0.354392393438 0.380258062473 -0.791411060177 0.569313199076 1.06884844645 0.125138038966 -0.42759199105 0.362535125448 -0.375229543243 0.184634743495 2.94751641216 0 0 0 0 0 0 0 0 0 0 0 0 3 1.0 0 0.0 
galaxy_3 4 -0.646128969893 0.336000867025 -0.361203541688 -0.69459366096 0.8982987896 0.596648434707 0.379001928018 -0.330842153899 0.521152991423 -0.0250696397417 0.016199745312 2.76058840773 1.0 0.0 0.0 1.0 0.0 0.0 0 0 0 0 0 0 3 1.0 1 0.0 
starry_galaxy 4 -0.0779411764706 0.311764705882 -0.545705156332 -0.136426289083 2.91329375464 2.86269843866 -0.800112457806 0.16373138462 0.411028844144 -0.0823516791812 3.2641294357 0.0596323122323 0.0 -0.0 -0.0 0.0 0.0 -0.0 0.246151575516 0.621420431102 -0.67931515473 0.269084322368 -1.41434320099 1.00598345827 2 1 0 5 
